
4747953229791648
4747947965156891
4747961022289409
4747965467987372
4747969850774341
4747959951952281
4747946287696409
4747976456538196
4747977870016529
4747984757591290
4747994363330561
4747997428845008
4748000536822864
4748006668895227
4748012046518130
4748022737276731
4748024858806369
4748031038325736
4748043783767172
4748047081014742
4748052567166787
4748057395071615
4748060922746071
4748054878487412
4748071298401826
4748076714036167
4748071105726563
4748087128755657
4748089950213212
4748096753374705
4748103267910393
4748133328228337
4748254279893219
4748277696432387
4748278372240863
4748296738312112
4748304350972489
4748323438726852
4748316715521812
4748333492471570
4748314828343482
4748310310814800
4748308167788191
4748344343398620
4748347828602273
4748306356113058
4748367190818905
4748369703212302
4748377856147585
4748382335142796
4748381785686975
4748388081599062
4748391676117784
4748385573668377
4748395632132371
4748402443161882
4748408210068442
4748410727435564
4748413247948630
4748405694272609
4748419967748039
4748415780782152
4748431572601941
4748431245182233
4748444750842596
4748459620696445
4748460249321479
4748490805350233
4748494134318329
4748626007426419
4748640068044146
4748652361549280
4748670400464685
4748680928430985
4748679687177597
4748663954083207
4748692512833986
4748691128976625
4748662435219099
4748648733214649
4748704482856973
4748726864183477
4748738008450332
4748745143222676
4748746761703311
4748746683056722
4748766694084269
4748772393357340
4748808301317094
4748989783606483
4749000127283480
4749002114859929
4749007635613267
4749028652222095
4749038127677614
4749021753377254
4749049884053683
4749015793272970
4749057875247688
4749004275712363
4749069824034519
4749072710241931
4749088330090372
4749108722797378
4749116289322588
4749130448507860
4749145924962239
4749158931502275
4749162970612258
4749191844987131
4749229773820852
4749244923121128
4749365682375737
4749374799746298
4749392894759375
4749409340359162
4749417456866473
4749421189006160
4749406768729991
4749401790353091
4749432263021198
4749427388715217
4749384115820094
4749454144441923
4749463937614256
4749469465710892
4749480073365006
4749481948741793
4749488998060232
4749499064655687
4749504433100900
4749509810456626
4749510557569096
4749507448803400
4749515524149212
4749522553013877
4749521487396973
4749543834653525
4749552391556869
4749727302421940
4749732582788168
4749755660112345
4749773712134631
4749772802231034
4749784357797991
4749784282301545
4749764459757859
4749758847256105
4749757552267321
4749803890938489
4749756562407796
4749815705766702
4749821862218565
4749841932226430
4749844969688117
4749846203074574
4749850246121390
4749857049283321
4749867387456990
4749871800388959
4749884982822873
4749893816551462
4749906861098415
4749909096662466
4749917027043632
4749914523832082
4749932533125208
4749931677747280
4749930655124046
4749929673660330
4749939998984123
4749927740084155
4749958702173694
4749963781999596
4750064784769655
4750089769715320
4750116953785898
4750131558354023
4750125346064469
4750147941042665
4750146199359964
4750153254700343
4750157239289309
4750121022260631
4750118730859296
4750117591056675
4750174083089945
4750177372209618
4750184045348487
4750193524476700
4750197248753729
4750202869123651
4750206304257437
4750221726715025
4750225187540488
4750229147223290
4750224826044895
4750235837137910
4750239020091692
4750241259585803
4750273342605139
4750282565357008
4750299161697636
4750314815362917
4750436097327992
4750450870714994
4750456691625210
4750479663826823
4750498395063830
4750507056829020
4750502497356677
4750487302441471
4750481869769682
4750517282278911
4750478175111427
4750471355172204
4750530973009534
4750534722715921
4750549386529224
4750558517002671
4750563662629355
4750561141852008
4750570377972839
4750572974246458
4750576452108632
4750586728415915
4750584887115787
4750589328623480
4750594772830591
4750594314605096
4750600921417715
4750592603325503
4750592025302325
4750605199609698
4750609972988435
4750638016107565
4750639000978357
4750653911728531
4750690905230737
4750796498142001
4750811738933908
4750814516611066
4750818366456663
4750841729517111
4750860204380167
4750859944329397
4750851328967116
4750840756176503
4750840071458417
4750883830894862
4750897194994354
4750917168007244
4750913224575833
4750923698277078
4750927997439209
4750945978680560
4750944930107994
4750942987094858
4750956308988187
4750959019035110
4750954572812332
4750963665273913
4750977130037353
4750982561663157
4751007911777081
4751020439635296
4751024029958895
4751028937035712
4751002706380627
4751001955076260
4751177319973095
4751192096509447
4751204229844721
4751219753750142
4751228347876123
4751233510015435
4751229693726375
4751216720740744
4751212073977179
4751180964301324
4751251148113248
4751271288638012
4751278464567866
4751281745563456
4751292780773556
4751290992954754
4751300170616476
4751303831717523
4751309561137950
4751316796574364
4751320978032142
4751322392298900
4751320080974765
4751319958814836
4751336769851910
4751334626822647
4751359611768760
4751373751551819
4751384169153321
4751527870202325
4751537961698864
4751543142973914
4751565951078211
4751584876038225
4751587186574889
4751586108114367
4751596758239619
4751577455526774
4751557222466074
4751634608163441
4751637602632294
4751649451279250
4751658557116032
4751673677316619
4751679561403841
4751684716989698
4751694762350153
4751717629952621
4751730753931306
4751755005661643
4751775012226982
4751777800653929
4751886630519740
4751892045367116
4751901893330531
4751908629907702
4751913042840244
4751945597978532
4751936463047206
4751932226800599
4751929588322448
4751921685988144
4751918880262394
4751912778600144
4751981183501915
4752005178327620
4752012593334528
4752019053876693
4752023193653560
4752034386939100
4752043409147184
4752042919461972
4752040021199154
4752067580662657
4752088893233091
4752083721652213
4752111026309354
4752113311156463
4752265317450725
4752268832015414
4752290680668790
4752310033188762
4752319511531729
4752323090056736
4752322947188035
4752307839570092
4752307504025090
4752340046842912
4752343932079732
4752343835348252
4752305847797752
4752351598479424
4752366447099955
4752388089710730
4752391386170138
4752396783454164
4752404434391570
4752402508678556
4752415372870927
4752432255732471
4752439045784725
4752443537099162
4752431441249588
4752458318091007
4752471873817423
4752483056882780
4752481412191157
4752610357151349
4752621481493964
4752625684448684
4752629588297663
4752657565092824
4752678398461714
4752683405677088
4752685507281475
4752691936627173
4752690406754433
4752675235697557
4752702540087654
4752671409965781
4752663415621122
4752663130670016
4752715236770386
4752714024095930
4752748174904562
4752753089843543
4752750569590570
4752759880941880
4752783474167063
4752787072092926
4752790839100233
4752781938267016
4752823743414734
4752965405507600
4752964386554296
4752990319412204
4753005884737956
4753015720641668
4753038609484242
4753043071174690
4753047622516788
4753041683907540
4753041242198158
4753062972887725
4753066832432934
4753070858439260
4753060218279087
4753030454969149
4753092014774186
4753099102622800
4753110566178622
4753114218891664
4753112621123106
4753145487689372
4753155298166961
4753161615575066
4753167571223105
4753174881110762
4753328895952011
4753350941737212
4753363055414408
4753380855514933
4753405585133528
4753401085429231
4753370852625287
4753423754858113
4753426276157062
4753422103085955
4753354201235533
4753451562566852
4753456051522823
4753459691129668
4753455510719005
4753466256261209
4753469238676518
4753489253896059
4753496009867388
4753500745499390
4753539970641088
4753537865615758
4753556580079399
4753564273215992
4753564587000143
4753712948446173
4753716232323264
4753741138626208
4753758691528777
4753755302004371
4753752719104074
4753740881989488
4753732687102199
4753725559935302
4753797312416776
4753811542901676
4753809558996147
4753807356985433
4753833789490145
4753834477620153
4753857328711077
4753869013255219
4753881973654369
4753887062393857
4753920323492624
4754064492988156
4754073541148736
4754075806074531
4754081270206138
4754111004936265
4754119632096309
4754118634374091
4754104552787509
4754092410536779
4754163999970413
4754166906094445
4754185029946119
4754192159477852
4754196434258347
4754199096858733
4754213849269858
4754233285148983
4754238197204665
4754246177917221
4754251512808053
4754270399758570
4754274192196706
4754295322575261
4754297961319248
4754413581238858
4754438554124805
4754461757541097
4754483244437214
4754493318894953
4754490794708063
4754488282318018
4754485768882767
4754513438707929
4754510499809691
4754480891429480
4754469273996301
4754535605866515
4754540051564606
4754532024980235
4754531676069808
4754552433676254
4754561954223633
4754560856098529
4754578124048723
4754590744973208
4754599413811102
4754615016624799
4754634403219604
4754638383090083
4754645673576490
4754649929746731
4754780867789467
4754788489888593
4754788422780334
4754800913156294
4754812094911359
4754828984845997
4754840964565358
4754821171642850
4754858563866090
4754820109437899
4754868341047850
4754868322959716
4754875663783463
4754875226786333
4754891354408604
4754904709334887
4754907963329916
4754927169831249
4754947041923657
4754960825188713
4754964444348766
4754964658523911
4754968949033632
4754973219096568
4754985504478866
4755003933199005
4755014578602137
4755014243059450
4755141482250595
4755163657799313
4755190060680763
4755204849274000
4755214755957460
4755221597389909
4755225129258561
4755212491817357
4755204648208185
4755199451465390
4755191204938055
4755180657053310
4755256447865062
4755262055911436
4755268254831340
4755266538833913
4755281533209390
4755296113396797
4755305423962729
4755309937562944
4755312459124175
4755329311312387
4755346167956135
4755376354099489
4755420449081557
4755506796693198
4755515102462305
4755525230662185
4755545502781139
4755552880561083
4755574171111899
4755570789450107
4755584224333010
4755568956277349
4755564376097426
4755600849764429
4755563604608110
4755557061231994
4755608958144799
4755555795076622
4755616222679211
4755623168182285
4755639203269037
4755645385411749
4755648678201765
4755654042976710
4755660049222529
4755674674758455
4755686854754513
4755690016741188
4755699055462059
4755701480556191
4755734099134257
4755745885914270
4755773417064289
4755782698534521
4755864593105209
4755887564259495
4755915159637546
4755938697288194
4755945726677091
4755949145295335
4755942837586458
4755938051883612
4755961748915726
4755934352771401
4755930291373906
4755972398777380
4755920389146525
4755986575788704
4755995064273352
4756001729282713
4756019160285813
4756023966960832
4756029851828696
4756028488421527
4756037766223813
4756040141506442
4756059392576271
4756064354437801
4756106112666104
4756250368150024
4756279791192794
4756294651086031
4756293489789055
4756306232344609
4756288016222454
4756312355246086
4756323763753158
4756320634537140
4756277392050988
4756331388473714
4756354046625515
4756358723799225
4756374942913073
4756379179680179
4756374132887715
4756373970093620
4756390323687381
4756394978839980
4756397885231950
4756393707705143
4756400574304948
4756587166302802
4756612713545750
4756632783293567
4756639972852104
4756657168454069
4756644795520391
4756673028164949
4756675200026416
4756636868807893
4756631570616345
4756726009827730
4756733883059703
4756738097546811
4756742246502078
4756786991339264
4756793626202574
4756816720825362
4756834130858419
4756836366160926
4756867341092688
4756974342244681
4757003009787191
4757019921486841
4757033759277483
4757016205855129
4757013739340356
4757012757874151
4757006889517073
4757001856354038
4756997533338344
4756993576799769
4757067460512310
4757092533802380
4757105116972694
4757102947992577
4757118101754013
4757120631965537
4757115584905782
4757141842036357
4757160833059994
4757180785360915
4757189288003225
4757315541270735
4757336722245799
4757351468633923
4757378799502875
4757377650264310
4757395437521789
4757376336921795
4757374562994585
4757410129907983
4757367051518943
4757366224978189
4757418532146985
4757365134721743
4757435438598724
4757455198749328
4757466648414443
4757469161325861
4757471727714761
4757463075133471
4757487854551706
4757492615615849
4757498118541915
4757491977554735
4757522311283252
4757583103264270
4757699415510740
4757743833449602
4757746697636417
4757754776916277
4757745192666471
4757740210359853
4757728801590659
4757724644771581
4757724133591787
4757717975567643
4757801924822648
4757805560497711
4757808132394596
4757821826269870
4757823512643158
4757827057092801
4757834775134396
4757847529488443
4757848729060570
4757870053429974
4757868198756873
4757926814161982
4757937958163117
4757945553781905
4758053515430663
4758085018848674
4758092304879608
4758112932989852
4758122567043267
4758127184972627
4758131022760323
4758120519173462
4758099170956118
4758099036997653
4758081345162321
4758148613409013
4758152937472919
4758159635518287
4758155504387838
4758168896537782
4758180007773891
4758184361985406
4758196956956011
4758200237427246
4758204460306326
4758224693627831
4758253936576056
4758407578387153
4758413445171199
4758424228728300
4758447687468694
4758476368642111
4758470547473787
4758499235728494
4758503576830510
4758465476821006
4758463282152809
4758453006368779
4758516302614592
4758519989406462
4758525920413998
4758515866143992
4758531443790110
4758515388254172
4758538319038253
4758561785906493
4758594798490457
4758603032169172
4758612066436177
4758647874260355
4758783165466409
4758787187802132
4758790954026377
4758817646051829
4758835689950540
4758837045234054
4758834835101022
4758834063611182
4758833098661321
4758829982814176
4758862685274135
4758861744965305
4758870851325447
4758872596414797
4758874064684762
4758867286953426
4758878308799309
4758860822742226
4758890502426801
4758896156082225
4758900517637205
4758910127574887
4758923791567264
4758929634232386
4758926546962334
4758946797061757
4758966196768106
4759148821218588
4759175438011296
4759194588418383
4759199647795423
4759208370634955
4759213148474062
4759190658354486
4759179182475220
4759172233038756
4759167250466476
4759238428330550
4759246916289068
4759251639341382
4759261361737828
4759260313682004
4759270605984464
4759273949628852
4759295243324001
4759298720402034
4759317384794255
4759499825742657
4759506347622976
4759511347495701
4759539318525285
4759541281195076
4759563210066319
4759573954822428
4759572441469040
4759588337882343
4759560399097648
4759557819338021
4759548151202471
4759547387840002
4759540816676555
4759608680254028
4759611876049919
4759624157498273
4759628141297759
4759643685128181
4759647909842313
4759653030038391
4759655740604784
4759689260961618
4759695094972444
4759870920722847
4759875223290186
4759903711530508
4759930039438806
4759939718842747
4759948711428918
4759936317264303
4759928152000138
4759923995184053
4759920690335368
4759966885353024
4759970329920789
4759917418250445
4759983994175550
4759991409970395
4759990499282704
4759994358041885
4759995809533633
4760001886818858
4760009299198468
4760009106524087
4760014688356218
4760012184358341
4760006697684867
4760028772304820
4760036700326523
4760038717787859
4760065619530301
4760066689078778
4760060515587659
4760057264213734
4760088269034956
4760237267223352
4760265696478607
4760281449763384
4760305348908397
4760315470283765
4760303139557759
4760301624625060
4760300161075431
4760279235691709
4760277327547871
4760344646124505
4760273702884042
4760273481109030
4760364686508200
4760369521755254
4760372042531043
4760376467787055
4760381366996539
4760383371874905
4760366586266050
4760361469215903
4760405139786863
4760416406997257
4760420680731617
4760440653745181
4760598149858945
4760628353041512
4760661114752787
4760671131272982
4760676906044791
4760687098200132
4760656022603029
4760653888489654
4760650171026457
4760646056412643
4760709995169107
4760715996695187
4760718589298038
4760732346352254
4760734430660447
4760730651331992
4760742739575883
4760728286269609
4760747571416699
4760753762992887
4760766001186816
4760784012318051
4760841146860808
4760947506283322
4760961016136911
4760978396546155
4761008520038931
4761004574246007
4761001721070520
4761049108582347
4761046185676779
4761045597946620
4761063230800479
4761066544303583
4761068180868566
4761075529023693
4761072919381057
4761064837745175
4761040862579670
4761096504480775
4761096088717558
4761117274408590
4761121011796727
4761138082090431
4761136588917229
4761167472623724
4761162766616626
4761314893497270
4761323407147396
4761337329092015
4761353564981353
4761374170808672
4761363480580243
4761362242208584
4761345650330580
4761344144835362
4761342613392667
4761411055783027
4761421209927972
4761428429375565
4761426968970295
4761445554980864
4761453174722938
4761452794348161
4761459861752260
4761467331807877
4761475305177484
4761676575933931
4761686483403698
4761712983015840
4761732146532379
4761739956326644
4761729986726114
4761729874004388
4761728317654484
4761728199952041
4761728124716589
4761766431036887
4761728003081145
4761722444845805
4761786534594141
4761790347480094
4761797799711734
4761801026438161
4761815202923033
4761817739953242
4761822487642611
4761826200650371
4761836018994887
4761847667101263
4761866838738093
4761870063898298
4762026361226065
4762045843505970
4762047860706378
4762047620843457
4762077929407572
4762100038369895
4762108942879552
4762084287451431
4762082929020117
4762080517819276
4762077069839274
4762076050098293
4762137098715571
4762068491962054
4762143767659600
4762152244349934
4762150721292607
4762155600052822
4762163153732959
4762165779104787
4762149764727326
4762169026019581
4762173350352477
4762181754949583
4762185827356750
4762194061296326
4762195798001753
4762190873104983
4762199086334791
4762205960538730
4762212708649079
4762205863544029
4762222486881941
4762219311269530
4762225833939053
4762230136772335
4762231935598664
4762243373206190
4762241197675382
4762239830068859
4762239724946149
4762264022028262
4762410147643551
4762437138252315
4762439624689237
4762471389465109
4762469777802290
4762454746465910
4762449322707039
4762447871478693
4762497435566558
4762439414974094
4762433392218303
4762511133640526
4762508625183135
4762522584614988
4762529576519920
4762532152348524
4762534609158956
4762542860143823
4762537557493723
4762552552393914
4762556437365596
4762559511528568
4762562564984695
4762573235290207
4762610166405702
4762614598991989
4762772275727985
4762790599855666
4762802150967699
4762832972022251
4762847764285470
4762818722925475
4762813858316933
4762809243534202
4762808442683850
4762867519199063
4762872817647921
4762879112776952
4762883739356553
4762886268521135
4762889431288224
4762904476254371
4762910214064500
4762912595380474
4762916597795798
4762921735820223
4762923303961193
4762928887370751
4762958234388739
4762977162497122
4762976684607197
4762996431655567
4762999544091881
4763164975303975
4763184990522902
4763214649495959
4763218294085491
4763207379714891
4763203631061158
4763240397280080
4763239332184203
4763176366770529
4763250615387351
4763174605426568
4763253932556545
4763258018595311
4763266985493861
4763272128233977
4763273989719307
4763279430255005
4763284983257646
4763282764468401
4763288401875524
4763290409894116
4763300347514956
4763485033990130
4763486971757874
4763497092614174
4763538700112708
4763538616485099
4763558385027554
4763570062230217
4763573370488795
4763577988157027
4763566294959041
4763537191473153
4763527027885091
4763525362747202
4763593772632897
4763601237446472
4763615910171078
4763615422582224
4763620984489082
4763630945439321
4763627603627562
4763638907280326
4763643129891139
4763648813434895
4763648432280250
4763696302133639
4763841252295996
4763859657164059
4763879525584002
4763892519536338
4763906503872317
4763905812071862
4763915596595692
4763903685035040
4763902263431271
4763898144359566
4763897393842984
4763896210786094
4763895631972028
4763952807937339
4763952779362974
4763964792111592
4763973579440731
4763981762006832
4763994454232964
4764024534732518
4764026845792440
4764067359098389
4764067624125798
4764210203983957
4764222010951992
4764224247039691
4764253914137838
4764235638244563
4764272075215353
4764271429288880
4764302860882823
4764268686213409
4764311313189145
4764261304239285
4764259605808442
4764318913006969
4764248843225319
4764244551926483
4764332376461087
4764347812022943
4764355004468576
4764353498187496
4764366508921241
4764389583099565
4764423568494679
4764422343754509
4764583838090536
4764615785841236
4764643584903081
4764631409102367
4764630016328161
4764675034580870
4764628842971614
4764628557759661
4764626158357699
4764624077456458
4764693723875215
4764697902189901
4764707657614519
4764714620159795
4764717358777025
4764721653483810
4764724246614074
4764729479794310
4764938395190666
4764947089981942
4764949077034915
4764975761721249
4764998393925472
4765010117003538
4765016634428566
4765011371099380
4765007588099242
4765005066797788
4765034896424968
4765003460642292
4765002957587529
4765043139283276
4765049291543414
4765051971699570
4765048397891268
4765058796093472
4765076165496200
4765087921603089
4765087565613464
4765098876339088
4765123727591753
4765129365001200
4765165935398870
4765187121350637
4765308889334422
4765310853318945
4765325629327887
4765354910026874
4765352741046985
4765374295837513
4765380558456452
4765347992832650
4765394420632792
4765340980219449
4765327819018035
4765402439357670
4765414879660071
4765427818826560
4765442696287652
4765441988494711
4765453157667507
4765456478766257
4765494403405134
4765652445823880
4765656274699567
4765671730971882
4765676206293366
4765702247940958
4765722272336814
4765742429637950
4765738664201892
4765736432833555
4765735924273210
4765713724081654
4765711979512550
4765709517983801
4765775187940415
4765769399799694
4765789049327341
4765790803067678
4765801619393025
4765804790549316
4765797702172869
4765810428217749
4765814152235347
4765820448145473
4765818762303440
4765795840951958
4765832007911631
4765830829574849
4765868083122179
4765878480802304
4765882134038009
4765877424101678
4765888274761195
4766013747626037
4766011885355071
4766032922936381
4766034936988603
4766070881128300
4766085381884373
4766087830570759
4766082725841256
4766080025233244
4766107611693271
4766079266065577
4766076749743628
4766075411759742
4766073418943226
4766124237391205
4766127286387137
4766136669569888
4766134663909824
4766149017865542
4766151991888038
4766160865726982
4766164926335789
4766169640734668
4766159151303476
4766175902566309
4766184875230343
4766184648477303
4766195062151470
4766199978920412
4766205203972305
4766211453223766
4766227840896631
4766390294151858
4766390886597525
4766397110945089
4766429360685083
4766412163517144
4766454681963570
4766453771013907
4766462571708873
4766453104644031
4766449065790056
4766444854709501
4766443326932373
4766439301712002
4766436024910688
4766435698017755
4766488450043513
4766499111701382
4766505466593836
4766520884072696
4766528224889332
4766530719714950
4766533891395564
4766536239940339
4766532931158542
4766542971011568
4766547014324261
4766569894773180
4766600269400445
4766598655639720
4766775369532455
4766805690159247
4766805182644999
4766803111182948
4766796982518560
4766831782397099
4766788539910297
4766781418505031
4766844127283990
4766779283079354
4766859247486905
4766864515533881
4766869267416816
4766896358689133
4766914411236804
4766912733251447
4766936070622404
4766945939295816
4766960481735544
4767101799891372
4767119416231352
4767121923639368
4767152241118131
4767166026747429
4767188017745335
4767164562674540
4767197639213508
4767206426282877
4767203855175444
4767160578609339
4767159445623133
4767158708471286
4767225276270752
4767236033876373
4767234738884319
4767251528420986
4767262945315631
4767266656227170
4767268846963067
4767260453635662
4767301850629178
4767317567997713
4767316283754299
4767314169299256
4767312487912011
4767311346536252
4767477341095641
4767483557315088
4767502687014737
4767512874451250
4767526045880843
4767525227204256
4767524010855611
4767522346241067
4767519799251828
4767554587857425
4767519606836983
4767515987675175
4767511360832062
4767573281080035
4767575755981434
4767578280953849
4767593669329590
4767597826150158
4767599273184984
4767596153669054
4767611361690482
4767616255918860
4767619871409016
4767614167682590
4767624556970642
4767626842344910
4767608811556049
4767637915567020
4767656072713145
4767688985674357
4767681503301201
4767680085104078
4767706979506230
4767845949639121
4767875589997364
4767891713426029
4767907093415971
4767919735575568
4767914660205630
4767910638389503
4767898910589207
4767938505084188
4767937397525124
4767891344329716
4767882783229052
4767962474482014
4767968561463774
4767974634032358
4767977159789663
4767972125573241
4767991013575298
4767994566150734
4768007450003065
4768021019101673
4768052757405913
4768049318593899
4768090304549930
4768208285861437
4768209959388168
4768239886795538
4768262787171073
4768265303492810
4768260271375387
4768257753484629
4768292672375064
4768290024982214
4768255447404074
4768301584745731
4768308663943215
4768313005312445
4768325982487710
4768330495298278
4768337026615592
4768343384918515
4768346345834589
4768341913239599
4768354000179574
4768370781589179
4768374624878600
4768387055489052
4768411450343678
4768424079393935
4768446040244493
4768570653278343
4768571562918562
4768584087110984
4768623186412021
4768641268582232
4768620670357044
4768660210581554
4768667135119317
4768674114700521
4768665654529197
4768684562448901
4768619106141749
4768617935668000
4768692510131168
4768693361575674
4768699364410953
4768713712075333
4768713351891561
4768735971509937
4768738689159863
4768746163933283
4768744579272651
4768750266226909
4768757245285093
4768786617468511
4768932445815710
4768951559786257
4768988829582270
4768998585012893
4769018839828397
4769028672066387
4769013387235375
4769045695431942
4768996383262120
4769053325138272
4768992592400347
4769058484653777
4769077032125543
4769094752276220
4769097096629396
4769147885454598
4769278572626877
4769277289169114
4769295790245793
4769313531364313
4769326080725599
4769341972941518
4769355995287691
4769340824225610
4769338865224379
4769374617208563
4769336725605195
4769334931489524
4769334797272146
4769333639645137
4769391994212356
4769399024912888
4769396315128461
4769404191245751
4769412340518277
4769421840618343
4769426504946177
4769431131521369
4769424554329717
4769434654475567
4769440128043184
4769443064057454
4769452853564063
4769449087600095
4769645837419695
4769657527469567
4769671200901650
4769687680060241
4769704986282149
4769717715210330
4769715613860842
4769723352351204
4769698287981127
4769696371705119
4769746111958662
4769743892644628
4769748829077880
4769755121060156
4769758135715760
4769752600549413
4769772728222159
4769772330551254
4769776302033516
4769778549392542
4769781552517204
4769772148887247
4769794572422468
4769793129057988
4769799270043379
4769799135826400
4769811185798997
4769818769099199
4769846333804504
4769883902186492
4770021722818057
4770046839098242
4770050629698527
4770077242557739
4770074399343835
4770095035318927
4770102002061367
4770073292834686
4770070226272915
4770070087075217
4770116400582944
4770123338745233
4770125527912784
4770131181830317
4770128224322969
4770143819530784
4770152120058500
4770154158228274
4770157035260831
4770160487171457
4770165327663533
4770162806359009
4770171891482925
4770158563036559
4770196588597923
4770219678242058
4770230201223595
4770382537821697
4770401575506631
4770412716099022
4770439916161664
4770446661126695
4770439630427439
4770437114888477
4770434840532979
4770431350869137
4770430307013489
4770424200629992
4770478638760987
4770482651402154
4770489958925531
4770487698458965
4770476422860079
4770502922733972
4770512675014518
4770516819511174
4770525568303271
4770528704857502
4770532781985716
4770531486993423
4770527711330770
4770524310275699
4770523454899178
4770556781529166
4770559176740469
4770561689387576
4770564202564580
4770574221973311
4770597223273008
4770608724839838
4770722210120150
4770744997512947
4770774713633573
4770794876702893
4770799519010216
4770817684018866
4770820872997246
4770815957270741
4770798667301588
4770792435352827
4770790287606868
4770786898084007
4770785220102400
4770861103448467
4770861619352518
4770861443976693
4770859368057730
4770875423851679
4770874613305752
4770871367960733
4770884693265018
4770889747662154
4770893525680958
4770883819800579
4770869467941733
4770905236967745
4770907623525266
4770938110871225
4770955823942770
4770937213813331
4771084019172195
4771088511270984
4771108290561291
4771128743297289
4771137617924282
4771166932435366
4771169439320968
4771180987548027
4771163774124723
4771192085417273
4771194602263564
4771197122512886
4771189576701022
4771187244663333
4771154835276784
4771209529525644
4771213068992737
4771222267627460
4771225006771004
4771240655718789
4771240634485162
4771244568217477
4771237538040150
4771235798453400
4771257462297324
4771268228548869
4771272896809116
4771285609484237
4771296623198730
4771457979384734
4771469941016418
4771482360612415
4771499456859498
4771516816558713
4771516510109883
4771513524551818
4771513046141595
4771532707992431
4771511699770263
4771547506017937
4771550572318412
4771556024913847
4771509274938945
4771558998149022
4771562274686087
4771587284796833
4771603423959195
4771619865891480
4771646458298867
4771645867165261
4771650523107894
4771671372988814
4771808345850032
4771813589254253
4771816196801393
4771818961895624
4771820530566606
4771820467388521
4771832425873745
4771845473567725
4771876917742276
4771884779176828
4771894194342779
4771898010897747
4771880537951107
4771907994649177
4771876536323671
4771876440640273
4771876301439060
4771873852490213
4771948510320398
4771947709466520
4771954202252706
4771957075086580
4771972846981059
4771975875005450
4772004769041634
4772007457854308
4772026701579434
4772175157920709
4772182364520641
4772194917289377
4772208817735291
4772224743506013
4772253339750639
4772262064426094
4772272982723536
4772271232914282
4772284046771065
4772242237948881
4772238019004570
4772299771480178
4772308910346462
4772303723037399
4772298017474952
4772327068274511
4772330569728132
4772328699858448
4772338500899038
4772326426285293
4772345027233272
4772324551426640
4772322261076281
4772353882719260
4772358705124270
4772357886973622
4772404742590858
4772426049655564
4772556965414387
4772586917728907
4772615316573896
4772621139578655
4772630723297773
4772633440683292
4772638884889156
4772627514132802
4772620262442895
4772649336832169
4772655746515470
4772617733542035
4772664121495178
4772666807158263
4772678001758875
4772684116787573
4772686129005199
4772696511221597
4772699899169175
4772706048020312
4772708581114656
4772704181552889
4772714759849593
4772718287786852
4772712168031955
4772727351151551
4772748230656041
4772758841462398
4772755818154832
4772771248477450
4772776751929672
4772772506766010
4772908930433474
4772919841131867
4772933903585379
4772949912980440
4772979639320845
4772985997102922
4772978220861421
4772967433897346
4772964220274839
4772963012577202
4772958553768923
4772955659701445
4772954442826698
4773024161337739
4773026677391789
4773021648945533
4773019027769494
4773037678790924
4773040960046761
4773045556480234
4773049134745968
4773060332488903
4773065864513268
4773072034336250
4773077529136121
4773082793249050
4773080276142237
4773074488267979
4773099357345055
4773106067966983
4773119489999814
4773115378798873
4773103097877875
4773134521861222
4773102783301628
4773166042055680
4773257335538076
4773283021718843
4773291815863947
4773311638669145
4773337379111325
4773343151002332
4773355096377489
4773360376481354
4773366751302400
4773368421682577
4773364877231583
4773341040478161
4773379184263890
4773383600083212
4773340915698715
4773391079049596
4773394044947239
4773400293410717
4773403091274437
4773417271951932
4773415749421099
4773425909076453
4773426604021177
4773426247763050
4773433616893266
4773423512815146
4773454479889569
4773457428745538
4773460108641753
4773451342025420
4773480208010283
4773477825120911
4773474000963687
4773497652646230
4773495215230963
4773644767856976
4773657522211104
4773674404811466
4773706049784923
4773712710601429
4773719992700389
4773717492108912
4773728703221622
4773726237493532
4773714972118140
4773696830702488
4773740288149292
4773696700944855
4773751910564850
4773756516698921
4773761440027475
4773758999203248
4773777114139455
4773780276905323
4773782910666787
4773785422796263
4773791601266643
4773794234764688
4773796751343659
4773799268189735
4773804829575269
4773820558215964
4773819753175709
4773833901604975
4773852213155186
4774006731571673
4774028478517703
4774037098335906
4774062670744299
4774055834026761
4774055192035608
4774049538639624
4774082568522077
4774049128123933
4774089321090455
4774045192555126
4774095700623637
4774043225687655
4774103875585867
4774112965427546
4774118236882867
4774117482171375
4774127326464154
4774139515375019
4774139313524952
4774155046095086
4774160738293487
4774174567173493
4774173421866956
4774187282990105
4774187195700270
4774195763874395
4774200344058050
4774191436399036
4774219315943558
4774223241808340
4774235530597512
4774370452701972
4774400011010222
4774421456224878
4774432202293423
4774426652968330
4774445225085099
4774410537665069
4774454339830822
4774458520503291
4774410386408897
4774406624116884
4774466175369378
4774475478598205
4774475369284196
4774479090420319
4774486547104533
4774467290530494
4774488481466721
4774495316874135
4774500236789000
4774494764532106
4774520499735449
4774583867804235
4774589639169742
4774731309910320
4774761497102785
4774785861812514
4774789459740026
4774782342004892
4774773345750605
4774770694950181
4774820929603048
4774829796624043
4774768581281108
4774838830367634
4774842253181670
4774838486960907
4774852827809513
4774854227660499
4774867087919915
4774877242853155
4774874914751027
4774883630253454
4774883365748988
4774882141276944
4774917788407337
4774925405786789
4774923815881579
4775094033318225
4775123876319547
4775146618099158
4775146030366870
4775168683541228
4775165021653112
4775176853786207
4775163961542961
4775144301789224
4775187252510987
4775194365530230
4775200668780198
4775203018113329
4775207460407121
4775207023152454
4775190950840532
4775190826059289
4775216319040596
4775219455590652
4775227907115006
4775236245129917
4775238287496521
4775234186776937
4775233632866302
4775248182381958
4775250635526700
4775247146650935
4775273692139784
4775276209245311
4775295846713768
4775304558281151
4775308061049935
4775295280744048
4775294718187928
4775436104237459
4775455918131866
4775475161337693
4775504589357998
4775523131851863
4775543259533780
4775540207127016
4775555768254985
4775562298526857
4775568924478345
4775573454327697
4775570939056885
4775576382999252
4775578392071112
4775586238563913
4775593659076046
4775596116676816
4775598621198591
4775609081266735
4775589019911024
4775583529045798
4775632795339461
4775644073823838
4775804036711922
4775819208295183
4775865446041516
4775896835951275
4775899360661658
4775910240946163
4775917844959389
4775924903448649
4775929363040232
4775933695233859
4775927157097335
4775923834422019
4775944042320108
4775941274075219
4775954579457747
4775960254089899
4775961629820519
4775968965662491
4775970042807037
4775973813225466
4775975365640717
4775978625405690
4775985813916151
4775975856112122
4775972232760546
4775997327545386
4775968159567104
4776181519355190
4776199937327601
4776227342388060
4776237422350358
4776220460319877
4776248389930404
4776216575871251
4776283462961059
4776282438504605
4776301204080845
4776310272952433
4776316358625968
4776321659965980
4776325123932498
4776328269925459
4776330019209512
4776332589796389
4776333768918998
4776327355302981
4776324403036505
4776323115911794
4776322214396340
4776360431586130
4776363213457151
4776373656224055
4776393470902714
4776398037713540
4776403843679266
4776522470391967
4776544390874167
4776565810139843
4776589861061290
4776562635572799
4776609503249956
4776613562812595
4776613260561846
4776631991799925
4776660811383539
4776671645008279
4776675596829559
4776682768564876
4776695657137461
4776696799301047
4776747159523786
4776766696326121
4776901652514111
4776905406678357
4776931918086424
4776949010401219
4776961496583055
4776940798738735
4776931834727308
4776994750071490
4776995680949641
4777000311197571
4777006337626047
4777010855676630
4777005046041365
4776999434064696
4777021411956684
4777041142481226
4777043566528569
4777054493476989
4777058774813281
4777062206014382
4777065905131495
4777085890990768
4777095890993560
4777098801055890
4777104275407494
4777094632181283
4777092691002476
4777091776644519
4777091431665820
4777119669028991
4777090895843599
4777089548685814
4777269622476089
4777291328787087
4777307443824906
4777327232552059
4777333271562481
4777333154646187
4777330347608152
4777318604871144
4777301273743356
4777355145118815
4777297813443552
4777294469792324
4777364598821050
4777367610854199
4777373033564426
4777371717337811
4777379958100771
4777385822785060
4777387881398311
4777390427079545
4777395192072906
4777397976827662
4777403153649929
4777404508409453
4777408118395660
4777413105943477
4777415689634104
4777414037604267
4777410169668510
4777419871882647
4777409179815446
4777407778654340
4777406281290533
4777449039071955
4777454188630049
4777505342622261
4777630983259367
4777669999461867
4777680946335509
4777690495719374
4777701681922571
4777706518741332
4777699425916849
4777712584229006
4777715113394612
4777695953030739
4777688181246912
4777680891019954
4777728983173287
4777730643591730
4777741839237474
4777744015035422
4777751036561974
4777749804483003
4777766001577166
4777772290150365
4777775623313075
4777779097504837
4777778626956808
4777777389899130
4777785744689324
4777790262477814
4777788517913338
4777773665357629
4777772994005467
4777808855307769
4777820528313417
4777840010860453
4777836709939070
4777835367242013
4777834935746956
4777856347411546
4777986374502293
4777989601233676
4777992816955452
4778012517597529
4778039043163725
4778051202713230
4778059033743242
4778058533308246
4778055933890936
4778050023854112
4778048417433949
4778046202058174
4778082587905522
4778045087417069
4778087462213586
4778085306600833
4778096870294804
4778108739126233
4778113743980482
4778120966047652
4778120215004462
4778131103420566
4778135952297157
4778133389840309
4778142113467456
4778147088174582
4778154214294127
4778151400443828
4778145695663124
4778212872162766
4778331289157642
4778336825377640
4778337186874823
4778355033638779
4778354882381410
4778361635997604
4778393884952164
4778379033183082
4778421937243011
4778427087065178
4778432850823007
4778435568730152
4778433446674912
4778432200706869
4778431234970720
4778445470959287
4778451049119832
4778456283614780
4778469723213026
4778476274717815
4778492090126047
4778498688814863
4778501276439171
4778504170508622
4778505869462792
4778508373198255
4778511300035093
4778515159582320
4778515051054405
4778503121409138
4778497215567047
4778539003678809
4778542254260693
4778549796143286
4778538873392184
4778538814933670
4778575813414151
4778718755031783
4778759451838151
4778771989662285
4778780071562976
4778788430546681
4778791152389239
4778777941115426
4778777891309313
4778776054205774
4778769107653523
4778762976103370
4778825898528835
4778832730524250
4778837609286453
4778843380911440
4778849545490501
4778851752741931
4778853375939994
4778852897784000
4778861428737008
4778864323068661
4778866616570326
4778868316311604
4778870409273309
4778867586239688
4778878540714745
4778877685073907
4778866394005613
4778862414138912
4778893310172272
4778894538835044
4778894269613002
4778900657802615
4778918220139092
4778931720296612
4779060577960452
4779066941245194
4779079897973822
4779101132685389
4779138478772764
4779137120080932
4779136180033151
4779183388229724
4779190077888406
4779201817478998
4779221178646952
4779225489605777
4779227528040636
4779227318588868
4779224551131976
4779232994004232
4779237673796074
4779235208072949
4779223396385336
4779223077881460
4779278519244265
4779275297753371
4779307715268400
4779443300861983
4779491232582068
4779502737556391
4779497255862964
4779497003681657
4779517179332246
4779490435924112
4779479011167611
4779476971688902
4779471606908942
4779470572227830
4779544895029795
4779544885593214
4779559696728537
4779575441098365
4779577454365524
4779580508604715
4779585243974141
4779588896951085
4779590344248354
4779586782757311
4779583888952436
4779595486986552
4779599218869266
4779598850296123
4779582642720765
4779582270478229
4779633667211668
4779643506525942
4779682980171667
4779689560247603
4779804857469124
4779850419667958
4779859925010734
4779847479723260
4779845110468587
4779890564137095
4779892664963844
4779888656256886
4779896653482863
4779886549404142
4779907190622574
4779909954144032
4779918582615147
4779917890030253
4779917134796086
4779938764557561
4779940195074074
4779946780394492
4779949237735331
4779945119186968
4779956179572663
4779963876902732
4779990329854343
4780002032223203
4780015994278385
4780010143744529
4780000190404908
4780029235954160
4780043870147712
4780167496469076
4780199739131548
4780224821072024
4780241275323530
4780249516870716
4780242314987017
4780256601574532
4780233268136263
4780266159869870
4780271796226275
4780274435756577
4780275505039744
4780282399688106
4780284123548699
4780286414684666
4780283239600037
4780280407132154
4780290805075784
4780299831214278
4780303236729251
4780304633695759
4780309213875620
4780310325101762
4780317220540107
4780315064669359
4780319733711965
4780308312100942
4780328058620528
4780307431031539
4780306932959702
4780344593875731
4780345461310450
4780345305860946
4780354491126924
4780359991168869
4780371905875003
4780380127757305
4780383540872205
4780387441575376
4780389245130934
4780392177205291
4780524037474186
4780528559984550
4780554132129759
4780584175406150
4780586348579229
4780600345495868
4780597581713742
4780596091685168
4780580195798520
4780577447741708
4780571639415113
4780565288716558
4780558154468714
4780635090322958
4780636546795203
4780639506926283
4780648328335843
4780652183163736
4780660255884403
4780664501834526
4780665214077211
4780667944569829
4780673149703382
4780672268894235
4780679637766020
4780678863129929
4780682125510026
4780684474583687
4780692339166413
4780671212192052
4780670487101633
4780670012624374
4780711111819756
4780725528693761
4780724974256384
4780723356043128
4780748151985046
4780867610215218
4780867144646983
4780898971289072
4780934446189502
4780950561229547
4780954071337986
4780964288398149
4780970278128869
4780969121026360
4780948460405409
4780981922038617
4780938422127378
4780936837468522
4780995183642716
4780993872136812
4781003908055979
4781006341540711
4781017079219286
4781019910376471
4781031393069348
4781037537988575
4781037509673294
4781033079706093
4781047726212581
4781073956869243
4781089774636401
4781105029058123
4781122422314457
4781254288083834
4781258033337351
4781299431113392
4781312529662477
4781321488958957
4781329994485734
4781329826976576
4781319860785224
4781307353893495
4781296922921023
4781288789119958
4781282691124660
4781352165578430
4781358269076887
4781369379783034
4781371724138391
4781368686677124
4781378410121020
4781383614727694
4781383321653550
4781391726510101
4781395131502451
4781398806759099
4781403383008240
4781403981483186
4781397221052522
4781391273002311
4781390882668608
4781390665615321
4781419697538325
4781432758600693
4781452531338839
4781464343024288
4781602720187603
4781617669475454
4781643815977040
4781656991335577
4781672564001052
4781672161348287
4781647138392701
4781647087796566
4781639755892719
4781636304506684
4781708056462888
4781716152258521
4781728453100802
4781732631151179
4781734110955447
4781735290079398
4781726804479808
4781726050028574
4781741774996699
4781751761373041
4781752688052084
4781751686399481
4781759156194683
4781763987506487
4781763715401280
4781762322367441
4781758560600167
4781758174725116
4781757339011080
4781821756443708
4781978237273430
4782030443252765
4782011769688637
4782051200598252
4782056158790593
4782054753436607
4782005772879103
4782004506199421
4781998658293426
4782080054004079
4782077113534004
4782093630705743
4782098089509523
4782100462702189
4782108286125166
4782110072900336
4782114913128576
4782118883820782
4782124043076425
4782120298611873
4782340654761120
4782382592823188
4782396911915651
4782405016093221
4782401312785645
4782413064962957
4782418803036305
4782392181786314
4782389190722873
4782387068404167
4782431582290261
4782383770897552
4782437869028107
4782443981176841
4782442596278030
4782451698174942
4782434928826069
4782458865713928
4782461860450609
4782434204257458
4782467637053676
4782470313020217
4782476805018093
4782483135004823
4782486603694405
4782486029079325
4782482237165302
4782481511286661
4782480912289233
4782497823459516
4782480718305191
4782479166145003
4782542304319182
4782557390701046
4782560569989334
4782560330123268
4782556371223765
4782684863987858
4782687715853277
4782690727625070
4782703654207809
4782733778489461
4782751398233611
4782762919205472
4782771208456152
4782760726107068
4782789478322264
4782748630518610
4782793261843083
4782795597024635
4782799369013298
4782805530184511
4782811774717088
4782821506026435
4782823733727173
4782825524691686
4782832993438547
4782854875907060
4782849213338523
4782857199030508
4782864820342923
4782886966002157
4782891655500777
4782907011105259
4782916511207282
4782914644219323
4782906827080235
4782925326846802
4783065354731538
4783076906109927
4783108291822862
4783126435857958
4783131854376078
4783139958817268
4783146354081865
4783150885242683
4783148368136263
4783145280607020
4783139589982090
4783138305737342
4783137064486989
4783134757356174
4783176789002503
4783181338774080
4783186595026293
4783197625516874
4783206610240755
4783214739326406
4783212017222406
4783224418731117
4783233336868987
4783236230419730
4783235584493865
4783253883716485
4783251166335735
4783280753216772
4783415860397071
4783428455892779
4783437959138817
4783478337438999
4783483295373013
4783480498814998
4783507044044249
4783476664960852
4783473091675488
4783519208051702
4783519861050003
4783517881599241
4783529634562381
4783537947148388
4783543128165848
4783541848642484
4783547883717899
4783553138655407
4783578322043272
4783595388928692
4783595300590066
4783618997884787
4783629207078866
4783623162828987
4783622706432671
4783621058332141
4783791484961997
4783835214776795
4783846416980623
4783859801266805
4783866856082355
4783865157912867
4783875907391081
4783856978760790
4783882296362952
4783844668477926
4783827191598149
4783894962897275
4783893008617113
4783900850915046
4783904215007659
4783908375761795
4783906399717366
4783902084304484
4783912297959053
4783916096949612
4783919386330664
4783935324161048
4783933902292775
4783930530595870
4783969256081533
4783972329981082
4784006228611745
4784153041571245
4784170981918464
4784200609957783
4784207476556045
4784200115554148
4784174289914176
4784161859044274
4784243005458740
4784255883019481
4784293714855006
4784514867923838
4784547747072729
4784570325799300
4784557246650089
4784589530202656
4784555724112601
4784598800140671
4784598388575075
4784602906363469
4784602764019563
4784602587598313
4784610200787407
4784598184364731
4784629523152970
4784631910764064
4784633239309479
4784643217557599
4784647500991441
4784649512945385
4784651993090751
4784656303789439
4784659492507571
4784661320701662
4784658339071952
4784657033856008
4784668845018323
4784655490355214
4784677192207453
4784675257585559
4784682690940498
4784710188270765
4784876978964324
4784921312497703
4784942695057249
4784955156861451
4784963562505472
4784950538405196
4784940446649890
4784933383442228
4784930430911899
4784979601000211
4784918787264523
4784990221503209
4784993257130266
4784994965262929
4785000040106669
4785011767383000
4785014921235427
4785016946557880
4785012996048794
4785026162491434
4785061646044095
4785241200004468
4785239967400580
4785269716813205
4785292739611844
4785303703782657
4785318827397712
4785318677188790
4785318110432509
4785331071356646
4785313904333575
4785337580652431
4785344169641336
4785342832705629
4785335614310746
4785354551329314
4785358124090089
4785359759871415
4785366424358471
4785364629192716
4785379033484113
4785383436458589
4785390798768932
4785394464332509
4785403007864896
4785400477910541
4785396774866860
4785410905473095
4785425128361132
4785440605342058
4785459526636065
4785484109448463
4785589935146453
4785601994295228
4785624383226664
4785658671138355
4785672688763755
4785673862910412
4785685347174878
4785684521423773
4785684281557041
4785669920262527
4785701842846140
4785698198261141
4785713561734103
4785715105500056
4785722173165295
4785735419562400
4785736685191295
4785733468160928
4785745732045960
4785747997232413
4785745573449783
4785732013523289
4785762668648762
4785770969961020
4785771418222946
4785779403919977
4785803056909372
4785811558236995
4785962913368438
4785965484213889
4785971415221022
4786006530987611
4786026058351264
4786028088657643
4786038667741602
4786046728406638
4786045897411399
4786055582849992
4786056727890927
4786059495343832
4786036503217351
4786071138993287
4786075543798583
4786077683155100
4786070329757091
4786084591178200
4786099564056704
4786097689464626
4786104697356765
4786107113803836
4786113149666001
4786115422194083
4786106434849922
4786102974811472
4786095185725249
4786129952571475
4786136037463345
4786144371806099
4786144111497959
4786150855676781
4786304690161285
4786327386064657
4786334521099714
4786363436892713
4786390585577557
4786404711989836
4786413612833029
4786386874403329
4786386572676039
4786384986964920
4786361889197990
4786350513457348
4786347942614184
4786449335980234
4786450992467607
4786450241948319
4786459280933081
4786462858676925
4786466754921493
4786470580130076
4786503311690740
4786507724358244
4786523662192527
4786687420401671
4786690461796844
4786731993532430
4786749597290562
4786753828819207
4786768191424565
4786771202147777
4786761336886047
4786753578208623
4786744585358903
4786781624732932
4786711018078711
4786791888719981
4786796569297235
4786815498980932
4786823073369659
4786892832248227
4786896251650391
4787052308596263
4787052049074197
4787058047190005
4787090854510971
4787105941422738
4787115847585094
4787125737751446
4787124013891749
4787115260643010
4787087817052755
4787073255473743
4787150388723804
4787160886018238
4787164493385060
4787170772519386
4787173779575584
4787177516434483
4787182734151306
4787186513481641
4787188297107150
4787195929428464
4787199021158077
4787197549745107
4787193652446160
4787212971149712
4787215974011759
4787192771643975
4787192285365604
4787234492125907
4787242335732661
4787414365636880
4787462939872371
4787481683168442
4787492244688116
4787494762317436
4787504719596006
4787478013412889
4787468967087754
4787514857227242
4787521836029477
4787525714973738
4787531117499430
4787533655572560
4787536038202449
4787550625465727
4787555718138628
4787556854533370
4787561497625512
4787564563927139
4787566412565777
4787569185261878
4787555213775299
4787596468685211
4787605034762269
4787615959614504
4787639355705495
4787776815369947
4787778678686442
4787792712569094
4787817610215429
4787842456489374
4787845141630871
4787839629789936
4787836837170889
4787835058522177
4787867156746044
4787834248237793
4787831472128778
4787876381069582
4787831418130609
4787888702622270
4787891484754389
4787887381941221
4787897021238040
4787899763000731
4787906093256592
4787916952568916
4787921007675655
4787923527926781
4787942792889259
4787950212350033
4787948791010453
4787969883902616
4787964925708121
4787986661378537
4788128630703305
4788139446501487
4788150172126213
4788170737059487
4788197903307113
4788214231468002
4788223258134585
4788210582160404
4788196220865220
4788192828720109
4788239112341406
4788189594127904
4788185093638449
4788251431012770
4788259831418425
4788265192261311
4788271534310883
4788268006117849
4788276579797396
4788283958364724
4788287480529318
4788280412865475
4788290304083226
4788278983921312
4788301334056495
4788304018408338
4788330262430783
4788351628479117
4788499285279541
4788502183282990
4788505311708661
4788545837073703
4788561829957658
4788578611627505
4788583154057565
4788577848267084
4788575680334147
4788571053492875
4788596274628228
4788604456931367
4788599289024472
4788597456635696
4788619686187352
4788622190710795
4788635478525201
4788638292118464
4788640818135810
4788643325281316
4788636250540690
4788654310952816
4788660946604619
4788658270634387
4788657783832728
4788672342263452
4788677303599397
4788674804323100
4788670668998551
4788690809521502
4788747743527077
4788863865718312
4788883940968146
4788911929037210
4788928424973047
4788938051162823
4788930501158268
4788924361219691
4788922091307647
4788955407714900
4788918396390132
4788907684662677
4788903942557851
4788971333485542
4788974625228602
4788974340277611
4788982627961309
4788986075941694
4788992358223597
4788989100033247
4789001321450692
4789001741142188
4789009006200248
4789010344446089
4789007961820236
4789006548082898
4789004807705702
4789021928066325
4789031043079161
4789038379436601
4789038794679569
4789087674309663
4789226489514849
4789238580642496
4789251344958594
4789248093326679
4789245468740053
4789231957837429
4789305727256538
4789326266762963
4789337654821713
4789341253012110
4789359201223569
4789362716050027
4789367510664996
4789371301004333
4789374350787043
4789375798607950
4789369385257207
4789395112333358
4789403413906107
4789426905157465
4789583576040988
4789589766572051
4789588763870148
4789614117915703
4789608963116663
4789599681645082
4789686318926919
4789690740244974
4789688969727044
4789708875368440
4789710804751924
4789724503867945
4789733618618728
4789735166575654
4789737305674206
4789740283104486
4789741398002044
4789739129407126
4789732095820319
4789731084995093
4789729872579365
4789729285114657
4789766144918375
4789809056843247
4789951121591762
4789951546525038
4789963512348889
4789997888868324
4790008194795334
4790015123260141
4790023763525981
4790013235298595
4790039525462081
4790041169627239
4790003495864107
4789997548603870
4790055028396399
4790052061974422
4790051156787712
4790066239508165
4790069556675587
4790070806056671
4790063000982006
4790073696979585
4790084631790419
4790081213434214
4790088058541348
4790093989023687
4790098039936904
4790099060199905
4790103911959718
4790096316075656
4790093250560606
4790092037622442
4790118839487255
4790091514380367
4790130944513763
4790133235387712
4790147739029597
4790152910080696
4790142667326223
4790295106158856
4790314576119250
4790331126579226
4790367852170452
4790388361268148
4790391621290538
4790403641118744
4790390512682057
4790387400513745
4790417424648216
4790421358906930
4790428173864819
4790430099048937
4790433362742272
4790426790529391
4790414148372243
4790445218992138
4790448382544790
4790449955669594
4790442938076653
4790463801065720
4790465012959557
4790472885928955
4790477733234891
4790481480061104
4790470330811708
4790488605395307
4790491756105691
4790488346137297
4790512516600399
4790511737509378
4790528544080149
4790676150291932
4790677215118723
4790683426622433
4790718604771723
4790716822459011
4790742717304203
4790752293424663
4790761034089402
4790758898926132
4790765614794808
4790741811856085
4790711960211433
4790776594171729
4790784723520505
4790790721638447
4790786715814228
4790795008475193
4790797523750147
4790803061020555
4790806018003587
4790800954693849
4790816742049585
4790833453205461
4790829610435758
4790864663286385
4790880517756013
4791037632184911
4791037153510770
4791047492993400
4791087924773877
4791096460708735
4791116824579475
4791121618406869
4791115545054571
4791130908524637
4791115393273453
4791141801395007
4791145839725243
4791143961727705
4791153163765808
4791152836612380
4791157282309400
4791159602284451
4791160587425301
4791166648977559
4791138449883202
4791192723655426
4791202492454570
4791206162993659
4791220033819633
4791226631193977
4791238060150853
4791273968376547
4791401520302411
4791403299209256
4791431187399054
4791456894550174
4791474320837707
4791486627710206
4791482898189184
4791496194917961
4791498799583675
4791496069089241
4791509663354162
4791517023831273
4791514067371786
4791478902327465
4791526348030178
4791530554660265
4791536645309220
4791535558463498
4791545078748095
4791543938942076
4791552826671502
4791554810316055
4791558366298278
4791574464826391
4791572648952379
4791584610323606
4791589383178831
4791755730323183
4791758678394864
4791761829103044
4791763597788603
4791762906776126
4791782582517964
4791795215764844
4791818720381137
4791817054196822
4791772196111902
4791841981992483
4791845912056778
4791767767453375
4791850265744202
4791863837984138
4791861941899486
4791877683382507
4791890912477979
4791896314216524
4791900329217529
4791906662093905
4791910659525459
4791912177338273
4791909660230109
4791915700029218
4791918192236103
4791903856624511
4791934461153052
4791979164047044
4791986756257885
4792126379917877
4792133595432194
4792173956699384
4792170320237201
4792190646355655
4792164246619443
4792147099779541
4792146345069453
4792125802154506
4792227588740505
4792232320439936
4792235839717848
4792240633809496
4792238263765379
4792250573524202
4792253904849501
4792263622003357
4792277454818195
4792283847721258
4792320286789338
4792328583646671
4792339891226967
4792488026441583
4792487949895254
4792519734334201
4792522234659646
4792559015041085
4792549493702675
4792575628939461
4792578253525542
4792580522902252
4792546964014670
4792593047095854
4792590837485755
4792599510257970
4792602236816528
4792601461129288
4792607463179656
4792589130402324
4792612823239763
4792630289110932
4792635883259188
4792633869992996
4792633366941741
4792627000508953
4792646210425788
4792650454273252
4792653206258779
4792667336350701
4792667328745656
4792684234938405
4792849801674927
4792852129515134
4792871331302715
4792907091153123
4792919410610588
4792919300774612
4792942776815262
4792915056135391
4792950889124518
4792957250832845
4792955644413995
4792964087812763
4792910921077936
4792974381155200
4792983574023539
4792980286474948
4792993952039960
4792997533188944
4792999655506393
4792995754805471
4792990180314241
4793011609800345
4793013153300562
4793018673269883
4793023529488380
4793026839316016
4793022422190678
4793030450086336
4793051416893766
4793064428929971
4793213053045396
4793214278830097
4793253477483993
4793273144842337
4793280078812857
4793292129042943
4793300270188377
4793278623389890
4793277792131696
4793272848089433
4793270250770735
4793264579809082
4793262756336749
4793322768176010
4793321585378513
4793331252464391
4793333488290393
4793332977109670
4793341643063400
4793346604403051
4793349255200800
4793348328260911
4793358448856316
4793361179090828
4793362765316579
4793364623398784
4793364325076173
4793359580792021
4793357576442559
4793356087723367
4793355391470614
4793353960689970
4793406507716505
4793442675201422
4793564855009457
4793563940915011
4793575189253936
4793576439677418
4793595712244130
4793622077375269
4793616218722017
4793651320586402
4793659948535534
4793664897550133
4793657263654279
4793657116857492
4793656777901047
4793682534337380
4793680550170222
4793689837414246
4793651261084489
4793701082071424
4793705594095717
4793710740506606
4793700942613122
4793720844849844
4793743595539469
4793757780412441
4793764348171370
4793774285522785
4793784644671414
4793762414597784
4793802965388578
4793937032645381
4793938530272071
4793968686796628
4793994154087950
4794009190928403
4794012256437730
4794009971070386
4794027490153793
4794029314934291
4794000551184332
4794037267071516
4794045132181206
4794050039776146
4794054363840783
4794056389957216
4794059010611328
4794060613879965
4794052232878932
4794068372559085
4794049603834014
4794077746301619
4794082028952704
4794086693539076
4794089221915002
4794087955499039
4794085434726194
4794099447891859
4794107073929700
4794112274335842
4794118373639521
4794131840241610
4794131760549911
4794297000657010
4794300070363564
4794325264762889
4794354202316993
4794362472957280
4794371856404214
4794365920414456
4794379971068216
4794386224775256
4794361366446940
4794354114232359
4794343631881349
4794397789785213
4794393402019492
4794426532825106
4794438775475533
4794441762343872
4794437543397759
4794453854000301
4794458992021982
4794468069019543
4794480626244579
4794662131335404
4794661754110727
4794682054017868
4794714585564023
4794706729108685
4794703265139676
4794697652635888
4794666014740526
4794750207005113
4794751611574810
4794749657289419
4794748676872149
4794761514583143
4794764450601192
4794758956586147
4794772563168403
4794798655932054
4794800149365450
4794803876790292
4794828884018713
4794834546329065
4794837243790803
4794884475586578
4794890641479266
4795024569008789
4795024040791738
4795042533478738
4795075093075576
4795092067682188
4795098438830961
4795090307125921
4795113740697623
4795116101307185
4795088658241363
4795128449340528
4795084518198684
4795083264884820
4795139127513763
4795143578714954
4795144602126792
4795147432759429
4795141322447321
4795153543860484
4795161257972119
4795165359211792
4795169158731526
4795172166571625
4795171402945293
4795178273212492
4795166415650973
4795188536677243
4795185849180676
4795164907015772
4795194702039184
4795219058364737
4795224016031171
4795223844327085
4795211442815623
4795387166331533
4795388018035405
4795408817325936
4795438568574952
4795464522140438
4795469509169370
4795464379271779
4795462005298903
4795459279785491
4795493882003715
4795498496529139
4795497351744992
4795449925963736
4795446831090543
4795517369847542
4795516120206205
4795523325760211
4795524919857766
4795529638183069
4795533090096234
4795536651062874
4795538614519705
4795540271006822
4795545233394237
4795544289154463
4795534986973010
4795530667099880
4795528544518886
4795577554436191
4795592138295476
4795573322389758
4795738037682463
4795748242424771
4795749966283630
4795749827087372
4795786996746134
4795809298908496
4795823802030008
4795828587464909
4795826129862705
4795822920701530
4795822674018350
4795848136852901
4795807645041929
4795806210856036
4795858497308612
4795865514382768
4795876503193321
4795884158584836
4795886570310737
4795881234106084
4795893096127089
4795892194870491
4795890370616913
4795874250594056
4795916274368642
4795924306728013
4795959734962659
4795967737436912
4795975694026311
4796112832302043
4796113179380693
4796139956342219
4796162655393200
4796147006439960
4796187780323182
4796197073589811
4796199368657336
4796139834705664
4796133383343348
4796122486541849
4796216733078718
4796218368066365
4796220759606825
4796227176367111
4796228808212574
4796239558217777
4796247108748684
4796248265331466
4796259250734255
4796268297064276
4796271073955561
4796276984251729
4796270889665831
4796285486631531
4796288790430597
4796291291283550
4796294994071877
4796299210395843
4796293735778481
4796319728671666
4796343647735638
4796451715286536
4796475152532631
4796474355879794
4796493984961726
4796517208557749
4796544945227114
4796546569472056
4796555267674097
4796563392826729
4796560497705572
4796572045673302
4796575606374451
4796574771709244
4796573114702078
4796542852535781
4796594840407040
4796598364407913
4796604769109364
4796610057344668
4796611664807854
4796614650366124
4796621122178310
4796614398448059
4796647769640846
4796656132297370
4796666130995245
4796675015577433
4796838198381120
4796864174228274
4796890154010876
4796885603192014
4796879420265434
4796878368280045
4796869605589855
4796856242799522
4796851473612819
4796838005440953
4796937494858927
4796936404600151
4796964790867933
4796980909838598
4797002807771433
